0.010, -0.4900, -9.4744
0.020, -0.4800, -9.2586
0.030, -0.4700, -9.1030
0.040, -0.4600, -8.8753
0.050, -0.4500, -8.7108
0.060, -0.4400, -8.5092
0.070, -0.4300, -8.2868
0.080, -0.4200, -8.1168
0.090, -0.4100, -7.9024
0.100, -0.4000, -7.6976
0.110, -0.3900, -7.4756
0.120, -0.3800, -7.3003
0.130, -0.3700, -7.0667
0.140, -0.3600, -6.9138
0.150, -0.3500, -6.6907
0.160, -0.3400, -6.5138
0.170, -0.3300, -6.2824
0.180, -0.3200, -6.1001
0.190, -0.3100, -5.9003
0.200, -0.3000, -5.6843
0.210, -0.2900, -5.5070
0.220, -0.2800, -5.2796
0.230, -0.2700, -5.1207
0.240, -0.2600, -4.9015
0.250, -0.2500, -4.7008
0.260, -0.2400, -4.5086
0.270, -0.2300, -4.3238
0.280, -0.2200, -4.1360
0.290, -0.2100, -3.8833
0.300, -0.2000, -3.6895
0.310, -0.1900, -3.4936
0.320, -0.1800, -3.2987
0.330, -0.1700, -3.1053
0.340, -0.1600, -2.9286
0.350, -0.1500, -2.7304
0.360, -0.1400, -2.5386
0.370, -0.1300, -2.3282
0.380, -0.1200, -2.1431
0.390, -0.1100, -1.9191
0.400, -0.1000, -1.7156
0.410, -0.0900, -1.4952
0.420, -0.0800, -1.3257
0.430, -0.0700, -1.1125
0.440, -0.0600, -0.8879
0.450, -0.0500, -0.7464
0.460, -0.0400, -0.4958
0.470, -0.0300, -0.3042
0.480, -0.0200, -0.1159
0.490, -0.0100, 0.0896
0.500, 0.0000, 0.2728
0.510, 0.0100, 0.4955
0.520, 0.0200, 0.6966
0.530, 0.0300, 0.8662
0.540, 0.0400, 1.0987
0.550, 0.0500, 1.2676
0.560, 0.0600, 1.4943
0.570, 0.0700, 1.6865
0.580, 0.0800, 1.8860
0.590, 0.0900, 2.1001
0.600, 0.1000, 2.2994
0.610, 0.1100, 2.5021
0.620, 0.1200, 2.7025
0.630, 0.1300, 2.9089
0.640, 0.1400, 3.1111
0.650, 0.1500, 3.2977
0.660, 0.1600, 3.4882
0.670, 0.1700, 3.7244
0.680, 0.1800, 3.9094
0.690, 0.1900, 4.1102
0.700, 0.2000, 4.3192
0.710, 0.2100, 4.5091
0.720, 0.2200, 4.7040
0.730, 0.2300, 4.8970
0.740, 0.2400, 5.1241
0.750, 0.2500, 5.3032
0.760, 0.2600, 5.4963
0.770, 0.2700, 5.7064
0.780, 0.2800, 5.8873
0.790, 0.2900, 6.0916
0.800, 0.3000, 6.2915
0.810, 0.3100, 6.5072
0.820, 0.3200, 6.6885
0.830, 0.3300, 6.8793
0.840, 0.3400, 7.1014
0.850, 0.3500, 7.2926
0.860, 0.3600, 7.4978
0.870, 0.3700, 7.7192
0.880, 0.3800, 7.9000
0.890, 0.3900, 8.1044
0.900, 0.4000, 8.3094
0.910, 0.4100, 8.5103
0.920, 0.4200, 8.7225
0.930, 0.4300, 8.8990
0.940, 0.4400, 9.1000
0.950, 0.4500, 9.2849
0.960, 0.4600, 9.5157
0.970, 0.4700, 9.7111
0.980, 0.4800, 9.8796
0.990, 0.4900, 10.0989
1.000, 0.5000, 10.2947
1.010, 0.4900, 10.1595
1.020, 0.4800, 9.9649
1.030, 0.4700, 9.7464
1.040, 0.4600, 9.5611
1.050, 0.4500, 9.3488
1.060, 0.4400, 9.1507
1.070, 0.4300, 8.9694
1.080, 0.4200, 8.7489
1.090, 0.4100, 8.5671
1.100, 0.4000, 8.3171
1.110, 0.3900, 8.1792
1.120, 0.3800, 7.9632
1.130, 0.3700, 7.7344
1.140, 0.3600, 7.5643
1.150, 0.3500, 7.3386
1.160, 0.3400, 7.1486
1.170, 0.3300, 6.9631
1.180, 0.3200, 6.7595
1.190, 0.3100, 6.5532
1.200, 0.3000, 6.3124
1.210, 0.2900, 6.1441
1.220, 0.2800, 5.9687
1.230, 0.2700, 5.7191
1.240, 0.2600, 5.5874
1.250, 0.2500, 5.3270
1.260, 0.2400, 5.1748
1.270, 0.2300, 4.9742
1.280, 0.2200, 4.7555
1.290, 0.2100, 4.5859
1.300, 0.2000, 4.3817
1.310, 0.1900, 4.1688
1.320, 0.1800, 3.9534
1.330, 0.1700, 3.7538
1.340, 0.1600, 3.5807
1.350, 0.1500, 3.3677
1.360, 0.1400, 3.1585
1.370, 0.1300, 2.9486
1.380, 0.1200, 2.7416
1.390, 0.1100, 2.5598
1.400, 0.1000, 2.3258
1.410, 0.0900, 2.1614
1.420, 0.0800, 1.9492
1.430, 0.0700, 1.7256
1.440, 0.0600, 1.5472
1.450, 0.0500, 1.3224
1.460, 0.0400, 1.1613
1.470, 0.0300, 0.9374
1.480, 0.0200, 0.7390
1.490, 0.0100, 0.5848
1.500, 0.0000, 0.3271
1.510, -0.0100, 0.1336
1.520, -0.0200, -0.0339
1.530, -0.0300, -0.2317
1.540, -0.0400, -0.4483
1.550, -0.0500, -0.6501
1.560, -0.0600, -0.8096
1.570, -0.0700, -1.0348
1.580, -0.0800, -1.2297
1.590, -0.0900, -1.4269
1.600, -0.1000, -1.6283
1.610, -0.1100, -1.8219
1.620, -0.1200, -2.0320
1.630, -0.1300, -2.2433
1.640, -0.1400, -2.4420
1.650, -0.1500, -2.6448
1.660, -0.1600, -2.8583
1.670, -0.1700, -3.0375
1.680, -0.1800, -3.2375
1.690, -0.1900, -3.4032
1.700, -0.2000, -3.6420
1.710, -0.2100, -3.8166
1.720, -0.2200, -4.0329
1.730, -0.2300, -4.2132
1.740, -0.2400, -4.4315
1.750, -0.2500, -4.6405
1.760, -0.2600, -4.8288
1.770, -0.2700, -5.0175
1.780, -0.2800, -5.2515
1.790, -0.2900, -5.4118
1.800, -0.3000, -5.6173
1.810, -0.3100, -5.8000
1.820, -0.3200, -6.0481
1.830, -0.3300, -6.2594
1.840, -0.3400, -6.4094
1.850, -0.3500, -6.6553
1.860, -0.3600, -6.8015
1.870, -0.3700, -7.0373
1.880, -0.3800, -7.2198
1.890, -0.3900, -7.4085
1.900, -0.4000, -7.6458
1.910, -0.4100, -7.8276
1.920, -0.4200, -7.9984
1.930, -0.4300, -8.2183
1.940, -0.4400, -8.4143
1.950, -0.4500, -8.6597
1.960, -0.4600, -8.7972
1.970, -0.4700, -9.0023
1.980, -0.4800, -9.2271
1.990, -0.4900, -9.4261
2.000, -0.5000, -9.6220
